1 1509 5 0.0 0.0 2.1576183107005136
2 1058 1 0.0 0.0 0.8615184388255557
3 1254 1 2.0 3.0 0.7609618081754377
4 1204 1 0.0 0.0 0.24720695030075035
5 1161 0 0.0 0.0 1.3072393257467638
6 991 0 0.0 0.0 0.9226961391975124
7 919 0 2.0 3.0 0.49541133946334526
8 941 0 1.0 1.0 0.14022278928041487
9 1237 1 0.0 0.0 0.0
10 1033 0 1.0 1.0 0.10576829211692029
11 1665 0 0.0 0.0 0.0
12 1218 1 0.0 0.0 0.9625231036638979
13 936 0 0.0 0.0 1.7196021085391067
14 1064 0 0.0 0.0 0.9962240269725271
15 901 1 0.0 0.0 0.9490505398933351
16 1390 0 0.0 0.0 0.31243882563686043
17 1122 0 0.0 0.0 0.0
18 1075 0 0.0 0.0 0.9984525559017072
19 837 1 0.0 0.0 0.14131145900196884
20 1056 0 1.0 1.0 0.6934275198006219
21 1346 0 1.0 0.0 0.4991362219902271
22 950 1 0.0 0.0 1.3450384132476074
23 1072 0 0.0 1.0 0.1122069380743369
24 1133 0 2.0 1.0 0.7016043143317177
25 1406 1 1.0 0.0 1.2055585589985185
26 1006 1 1.0 0.0 0.09121322566321055
27 1074 0 0.0 0.0 0.9124510268667052
28 922 0 1.0 0.0 0.7990863590057984
29 1376 0 0.0 0.0 0.12176468239559313
30 1348 0 0.0 0.0 0.0
31 1179 0 2.0 0.0 0.47502051924263355
32 919 0 0.0 0.0 1.3450384132476074
33 1201 1 1.0 2.0 0.6620409803113887
34 1320 0 0.0 0.0 0.010150453589687913
35 1235 0 83.0 97.0 126.05860202707726
36 1330 0 0.0 0.0 0.0
37 1429 0 0.0 0.0 0.43790058386761643
38 1026 1 0.0 2.0 0.2715695173912991
39 1392 0 1.0 1.0 1.0884791174057398
40 969 0 0.0 0.0 0.0
41 1122 0 1.0 0.0 0.31955154822324516
42 1108 0 1.0 0.0 0.4710268115982501
43 989 0 0.0 0.0 0.5639045487911005
44 959 0 2.0 1.0 1.3213296699997557
45 980 0 0.0 0.0 1.3901156354576187
46 1117 1 0.0 0.0 0.0
47 1265 0 0.0 0.0 1.1449582340331972
48 935 0 1.0 0.0 0.5605250384638225
49 1198 1 0.0 0.0 1.184122694900907
50 1001 1 0.0 0.0 0.0
51 1221 0 1.0 0.0 0.6613689787546377
